5950
6287
6106
6306
145742
6140
6305
6137
5951
6288
5862
6057
6274
5962
6322
5960
33032
6267
5961
750
6262
9750
6047
5610
778
16015
25094
16349
25888
57959
5793
7689
6036
18950
5779
135191
66308
439213
5988
6134
6255
7427
10712
5780
6251
6912
222285
444791
439174
892
439531
439312
92092
439242
10690
17115
27476
79763
107812
79025
176
264
379
2969
3893
11005
985
5281
445639
5280450
5280934
444899
446284
445580
445638
5281116
8215
11197
5281120
5282761
5282768
10467
1032
7991
8892
9140
31013
393692
28837
5280462
190
597
1135
1174
60961
6802
6175
5789
6029
6083
6804
6131
6030
6022
5957
6830
6076
5893
439153
643975
6021
1188
790
12599
65059
58115
63528
597326
16474
18374
1130
493570
938
6613
1054
171548
6037
54670067
5280793
5280795
14985
5284607
5282367
445354
144
15956
16914
18406
15635
16509
5997
6013
5757
5994
5754
222786
5865
5755
5743
5839
5881
6128
10635
5756
5870
5753
8955
5280794
222284
444679
246983
221493
222528
10133
31401
9782
31307
5281004
444036
667550
5280343
5280863
5281672
5280445
5280443
5281614
439246
72281
9064
72276
65064
5280805
5281607
5281605
5281708
5280961
439533
5281654
5281616
5281670
10621
442428
68159
72344
31553
114829
72303
64982
5317284
5280662
2244
3672
156391
3033
3715
54676228
54677470
3826
5354
4044
3394
3825
3342
4614
5509
3308
2662
5090
4495
4781
77994
41384
5904
6869
33613
6249
27447
47964
33255
5479530
5742673
5479529
5481173
5479537
441130
104838
5742832
43672
36921
6196
6098
18381
43356
53025
65721
44185
9139660
3016
3958
2118
2802
4192
5556
5391
4616
2712
3393
4506
2441
2789
3380
3261
4706
5359513
6957
681
5202
439260
5816
119
187
774
1123
896
5281969
1000
4581
5284371
586
10917
34756
6834
16931
3310
2520
22311
1254
2537
6549
637566
638011
6989
7439
2758
6654
6552
31253
17100
445070
638072
5280489
446925
5280435
10364
8842
5284507
556
442343
6557
68827
15987
5281520
5283454
2519
5429
2153
89594
3034034
174174
446220
441071
4680
2353
6167
5978
13342
9294
5910
638024
1548943
5770
9783
2713
29002
643975
370
689043
445858
637542
1794427
637775
1183
3314
338
289
5054
785
359
460
2879
996
10393
82755
72
7417
36297
9168
16366
4580
1057
5280360
5280363
448457
5282411
5280375
5280723
5280884
5280492
5280493
5280879
5311211
5280914
5283137
5280888
5280386
5311222
5283158
5311240
53232
54454
54687
446155
60823
446157
5282452
446156
64715
446094
6361
72429
5333
5329
5215
5339
5320
5327
5344
17134
5336
2955
5340
5325
5323
5337
5578
80127
9296
5280734
4763
4737
5193
2164
3000714
2294
9034
2480
8279
4909
6503
4879
5288826
2703
5284603
5284569
3345
4095
644073
33741
5284596
5360515
5462328
5284570
5284604
4058
9838022
6472484
4812
57444
3100
3957
2678
3348
2725
4927
3658
124087
1549000
26987
2267
4034
2913
6834
3162
4037
5282492
5311273
3386
68617
43815
2771
146570
5656
60835
42936
2160
4543
3696
2995
2801
3158
5533
4205
444
4011
31101
5658
5311040
77995
3440
3639
2732
5833
16230
5546
2471
41781
4170
3702
1986
3278
15465
443872
5282583
4914
284
971
867
1110
743
196
311
525
444305
444972
444266
612
5460677
10908
30744
156419
30851
16038
1058
70
